america	0.22735869835021344,0.37348315078119265,0.3991581508685939,286037
austria	0.32335329341317365,0.20631464344039194,0.4703320631464344,1837
canada	0.251316559391457,0.2812421633369556,0.4674412772715874,23926
emirates	0.43571785892946474,0.29214607303651824,0.272136068034017,1999
france	0.42629630781672834,0.21400354598898877,0.35970014619428287,32149
germany	0.33109778711830884,0.20413524539498085,0.46476696748671037,32356
iran	0.31871838111298484,0.24451939291736932,0.43676222596964587,1186
italy	0.36305309734513275,0.26991150442477874,0.3670353982300885,18080
mexico	0.42373366402747303,0.2611847753505676,0.31508156062195936,10483
netherlands	0.33676175170751305,0.26420249096022497,0.39903575733226193,12445
spain	0.3898431665421957,0.2222554144884242,0.38790141896938013,6695
